200 4 4.63
12 75
96 99
59 79
61 58
16 28
6 1
20 20
46 74
36 31
64 42
63 9
97 51
41 94
49 2
59 27
95 71
1 90
69 60
69 30
17 84
57 23
85 76
42 30
50 77
61 13
19 24
21 16
75 62
10 23
63 69
50 57
39 50
47 8
10 15
37 26
99 93
48 83
69 89
13 18
66 73
31 84
97 52
99 71
13 9
93 76
77 42
33 16
92 80
23 2
95 59
27 93
52 74
75 21
63 88
39 29
60 69
12 57
21 11
27 34
19 20
9 96
62 42
11 54
22 33
55 16
92 81
8 44
55 83
64 18
70 2
46 30
71 58
86 91
69 13
24 87
32 33
83 93
75 93
47 96
25 1
11 17
82 19
60 37
1 23
54 71
25 100
1 96
57 87
87 25
99 10
12 30
43 94
23 17
86 69
12 11
69 23
27 51
41 87
87 42
10 40
12 34
40 13
30 96
99 16
21 97
26 33
27 68
26 49
85 12
18 96
23 87
18 49
37 59
35 23
100 45
63 12
78 2
24 8
98 22
23 19
19 48
51 45
16 76
93 100
88 10
96 10
96 13
59 33
72 94
55 71
38 18
82 15
20 6
22 17
28 45
36 46
92 86
90 7
62 83
7 49
92 2
58 88
15 16
20 86
9 75
56 46
93 38
61 12
44 83
29 71
27 64
16 19
49 5
26 10
87 32
58 79
33 16
67 47
31 86
33 40
61 89
86 53
26 46
64 69
28 92
39 55
56 55
73 4
59 99
14 46
30 72
25 63
87 91
10 18
77 42
57 37
30 43
90 56
88 53
25 16
45 64
71 100
18 44
4 77
42 17
23 72
89 47
34 75
37 44
93 13
85 49
50 15
92 39
71 79
92 95
95 37
58 65
37 76
8 40
52 49