423
6
8
9
9
3
12
8
0
5
8
9
6
11
15
11
9
9
13
1
15
11
10
8
6
8
7
13
9
6
4
3
4
14
0
3
11
6
9
7
6
9
12
6
0
10
13
6
3
3
5
10
8
13
2
6
10
10
12
7
12
6
6
2
10
0
2
13
4
9
0
13
11
10
14
9
15
4
6
3
3
6
2
6
6
15
6
11
15
12
12
3
15
10
9
2
0
15
14
9
2
8
10
10
13
2
6
3
9
12
4
1
2
14
6
14
11
2
15
9
0
8
4
13
1
3
14
9
5
2
10
4
14
8
6
15
14
1
2
10
5
13
4
12
15
9
1
8
13
2
3
12
12
8
14
0
1
10
11
7
15
9
14
2
12
14
13
14
6
8
12
1
11
5
0
3
10
15
13
8
7
1
11
12
9
7
4
9
12
2
15
13
10
12
9
7
12
12
15
0
1
1
13
1
3
11
11
6
1
12
10
6
0
7
7
13
4
4
1
0
1
4
10
1
7
5
8
8
8
12
10
6
2
4
8
0
14
14
12
11
10
0
11
15
10
7
1
15
13
4
0
2
5
12
0
0
0
0
12
15
12
8
3
14
0
15
9
11
1
1
6
4
5
8
9
8
3
4
2
5
8
3
7
7
12
0
1
0
13
9
10
15
13
4
1
10
5
14
14
1
1
7
1
15
5
3
8
9
10
3
11
7
6
7
5
3
7
1
0
1
5
6
10
13
12
1
13
0
15
5
12
13
6
3
15
15
3
5
8
8
10
2
11
1
8
6
6
8
11
5
15
3
6
2
8
14
15
8
9
15
14
0
14
13
4
6
14
6
4
12
4
4
6
13
9
7
1
7
13
5
10
13
9
8
6
3
11
15
2
9
15
8
11
12
6
6
12
0
7
3
3
15
14
8
9
6
9
13
7
0
5
10
8
4
15
8
1
8
12
15
10
3
9
11